52
uest· lla Ἰιι ι

1111111111111.11111111111111111111111111111111111111111111111111111. 111111 111111 1111111111
111111111111111111111111111111111111111111111111111111 111111 ς111111111111 1111111111111111111111111
1111111 6111111111 11111111111 mit 1111 1111111111 1111 [1111111111 111111111111 111111161111 11111111.

1111111 1111111 1111 111 1111111111 111 11111111 8111111111 (1111111111 11111111 111 1111111111111111.

11111 Ξι11111, 1111111 111 11111111 1111111111 1818, 11.1111.,11111111111111111111111111111111
(1111111111 111 1111111, 1111111111 11111 (1111111111 1111111111 111 1111111111 11111111 1111, 1111111111 1111111111111
1111111111 111111111111 11131111 11182111 1111111111 111 facultate 1111111111 11111111111111111111111111882111111111
11111 111 111 11111111 1111111111 1111111111. 31111111 111111 un 111111111111111181111111111111111111111111
1111111111111111111111111111111111111111111111113111111881. 1111 1111111111 1885 11111111 11 11 11111111 111
1111111111 1111 811111111111111111111. -

1111111 6111111111, 1111111111 1111111111 (11111 11111111) 111 17. 1111111111 1862, 11111111, 11111111 1111
1111111111 111 11111111, 1111111111 1111111111 11 1111111111, 51111111, 1111111111 1111 1111111111 11111 1111111111 1111111111
Wwwmmmwmwwfflmwm

1111111111 111 11111111 1111111111 Ditem um 1111 11111111111111811111. 1111 1111111 11111111111111111
111111 1111111 111111 111 11111111-8111161111 111 11111111111131111181111111111111111111111111111111 51111.

3111111111111111111111111 1111111111 111111111111111 1111111111 8111111111(11111111111118) 1111111
1111111111111611111111111111111111111111111111, 11111, 111, 111, Vb, 11, 111 11111 111, 11111111111111111111
1111111111111111111111111, 11111, 111, 111, va, 111, 11111111 11111111111111111.

1111 11. 11111 111111 10 111111 1111111111, 11111111 111 1111111111 111 1111 1111111111
811111111111111111111111111111 111111111111,11111111111311111111111111111111111111111 111 1179 111
111111111111111111111111111111111111111 11111 1111111111 1111111111 (1111111111, 11111111 Lyceum Frideri-
1111111111, 1111111111111 111 11111111. 1111111111 11111 11111111 1111111111 18111 1111 ῧ11111111111111111111111111
111111 111111111111111111111111 1111111111 11111111 11111111 11111 (15. *1111111111111 18811), 11111111111111
11111111111111111111111111,1111111111111111111111111 1111 111111 1111111111, 11111 1111111111 (11111111 111
1111111111. 1111 1111111 111111111111111 1111111111 1111111111 1111111111, 1111111 1111111111111111111111111·
1111111111 11111111111111111 11111111 1111 21. 11111 18110 111 11111 1881 11111111 *1. 111 (11111111 111111
1111 11111111111111111 1111111111111 1111111111 1111111111 111 11111111, 11 1111111111 1111 111 1111111111
1111111111111111111111111111. 111111 &m 1111111111 11111118111111111111611111111111111111111 111 1111111
11111, 11111111 11111111111-111111111111111 1111111111, 1111111 1111111111161111111 111. 111111111111
111111111111111111111111 1111111111 111111111 111 8111111111 mit 11111 1111111111111, 11111111 1111111111
11111111 111111111 1111111111 11111111 11111 111 11111111 1111 1111111111 1111111111 1111111 11. 111111 1835 111·
1111111111111111111 11111111111111111 111 11111 111111111111 11111 1111111111 111. 11111111 1111111111.

1111111111 111 1111111111 ciuem 1111111111 11111111111111111111111111111111, 1111111111111111111111111
11111111111111111111111111111111111 111 1111111111 111 1111111111 1111111111 11. 1111 111 1111111 111 11111111 1111
1111111111111111 11 1111111111111. 11111111 1111111 17111111111 111111 (111111111111111 ’111111111111111111111111
1111111 Ετ. 1111111 11111111111111111 61111111111111111111 111. 111111 111 1118111111111111111111111111
111 111111 1111111111 11111 111111 1111111111 1111111111 1111111111 111111111111111111111111111111111111111111111
1111111. 111111 111111 11111111 11111 1111 (1111111111111 111 1111111111 111111111111111 11111 111 1111111111111
111111 11111111 1111 1111111111 11111111 (1111111111111 111 111-111111111111111111111111111 111 1111 1111111111 111
1111111 11111111 11111111111111111111 11111 ’1111111111 111 (11111111 1111111111, 111 111111111 11111 11111111 111111111 1111
1111 1111111 1111111 1111111111 1111 11111111 11111111 1111 11111111 11111111 111.

*11111111 1111111111 111111 8111111111111111111111 1111 11111 11111 11111111 1111 1 111111. 11111111 1111111111. 1111
1111111 11111111111111 111111111 111111111111111 11111111111111 1111111111.

 

