'M §VWW δυΝΛΛΛΛ

3. 811 8111111111 8111111111 (1.1111111111111 1811, 8. 111111111111111 1882111811111111
81111111 8111111ῐὶ11 1111811111.

4. 811 8111111111 8111111111 (1. 1131111111 111 1848, 8. 7011.) 111111 11811111 1885
111 8111111111 311111 8111111111 1111 8111111 8111111111111111111.

5. 1111 111 1111111181111111 (1. 11111111 1111 1872, 8301.) 11111111 1111 811111111111111111111
8111111111 111 81111 8111111111 111 81 8111111111 111 88 1111111111 81111111 1111111111. 811
811111111111111111 2102 811111.

6. 8111111111 8111111118111111111 11. 1111111111 111 1811, 8. 11) 1111111 1111 111
1. 111111 1882 11111111. 1111. 111111 11111 111 811111.

’1. 811 11111111118111111111 (1.1111111111111 1880, Q 23 11.) 111111 11111 81111111
1118111111111111111 111 111111111111111118111111 811111 1111 111111111181111111111111111.

8. 811 1118111111111111111118111111111 (1. 1111111111 1111 1880, Q 2111111881,
8. 681.) 111 11111111 1111111111111111 8111111111111111811111111 11111111.

9. 8111111 811111111 (1. 1111111111 1111 1880, 8. 25,11111111881, Q 60). 811 8111111111
11111111111111311111111111 1111 11111 81111111 111 1100 81111 1111111111. 81181111111111111111
81111111 1111111111 81111111111111111 11111 11111 1111 811111.

10. 8111111111811111118111111111.111111111111881813). 8113111111111811111111
1111111111 11111111111111 811111 111 1111111111, 111 81111111 11111 111 81111111 111 111
81111111 81111111 1111111 111111111.

11, 81111118111111111 111 8111111111 (Lyceum Fridericianum) 11 811111
1883 (1. 1311111111 1111 1884, 8. 37). 111 8111111111 1111111 111111 81111111 111 500 81111111
81. 81111111 111 1111111111 811111811111 81111111181111111111, 500 81111111 11111 1811111

1111111 11111111 1111111111, 1111111111111181111 13 8111861111. 811 8111111111111111 1111111 ·

111 1111 1111.

Vll. · 8111111111 11 111 11111111 111 11111 (111111.

Α. 0111111111 111 1111111111 1111111111 111 811111111111
11. 1111111111 111 11111111 1111 11111111.

1111111111, 1111 22. 1111111 18811111111111111111111 111

11 111 81111111 111 8111111111.

1. 8111111111111111111111 1181111111111111811111, 111 11. 811111.
2. 8. 1111111, 31 1111111 1181111111 8111111111; 1111111111 111111 81111111 8111 81111.
811. 81111, 811111 8111111111 1111111111 111111 81111111 81111 1111111111.

4. 81. 1. 8111111111, 1111 811111111118111 11111111111 111 111 8111111111 11111188 1111..

 

