ΛΑΛΛΝνννννν»

1116666666 666 66))16611666 2666666666. 21666111166661 (1616616666, 666 (611666 66166666 61661166666,
61161666 666 1166666666. 1116111666.

9616611166 616116166116166 (2 (51. 16. mit ber 11661666 266116 1666161661). 1616 66666 666 666
61666166 666 6666116666, 216 66166 666 666 66111666 &aaut 666 2166616666. 66116666.

2. 266116 (21631. 6.). 11616166 666 (6661666 1116611161. - 21616166 666 2161611666 gum 6666616666.
6611666116661666666. Dr. 61666 16 ori.

3. 1361616 (9 6166). 06111. met. 611 11616661, 666 61666111 1. 61666616 666 2116161666ᾶ1166616
66611661, (2 61.) 61611. - Caes. 6661136111. 11-1111. (4 61.) - 666166 666 6116661 61661166 (ξ, 234-
342 666 2666666166( 666 6. 129-233). 1111166116611666666, 1666611166 666 &temporanea 666 6116116
666 666 21111666, (6 611.) Dr. 26661666).

4. (66166116 (7 &t 6.). Xen. anab. 1-11. - 6166666111 666 666616 (ξ. 71-97 666 1166611666
666 §- 1-15).16111616; 6111661166 11666666 &tercium 66666166166661166 666 6111666666 666 666 61216166.
6116661.

6. (1666566111) (2 Ξ). (6.). 261111666616666666116616161666611166. - 6166666661 666 611116 &thul-
6666666111(2611166 24-28 666 46-52). 1111666661666 666116616616661166616 nub bet 116166266ίί6.
2111611“;66616111616 6666616666161166 666 111166 666 666 61116166. 6166161 11. '

6. 61661616 (2 651). 6666661666 166666666666666661166 1661661616 666 14112616 (66 &abre
1816 666 6161161666 66636666 1864, 1866 666 1810-1871. 11116661.

7. 6666666616 (l ὅ). 6.). 6166166166666666666616661616.85--10180-63. 102-103).
ς(166166 11.

8.161611)666111(31ἐ1.16.). (1666666166. 6166666 66661166 866166. 61611166 666 616666611666
666666. 21666666 6616666161661111666 261166666611116116666. 6611666161) 666 (1611166. 661661661166.
(6161666666666661166616666161161666116661666166(6666616,6. 61-63), 1161616166. 11661161111666·
66166666 6661116. (1666),. ,

(1.11616666166616666 (2 &t 6.), 211166616616. 516666 666 6661611666 warner 666 61666111166 666
36616616. (16666.

11). 616666 (2 61. m. 661666 11661666 tertia 1666161661). 266616.

6666)·11166-666116 (1116).

Drbinnriuss: 6166616666 Dr. 11611666.

1. (6666661166 66116166616666 (2 &t 6.). 1111611166 1116161616 661 61166 6611666611 666 l. 21666
156166611666, 66611666. 2116166τί6666 666 11161666 61. 6. 32. 216661111666666616616666, (611666 66166166
2116666616, 11161666 666116666116666. Dr. 11611666.

66166111661116116166616666 (2 616.) Q 611661166666616.

2. 2666666116). 26111666666661666216611161. *11611166 66666116661166111666666. Dr.
11611666.

3. 261616 (6 &t 6.), ovid. [661. 6621616661, 666 61666111 1. 61666616 666 21161611 666 61166616
6661166. (2 61.) - Caes. bell. gall. IV. V. 1116661 6611). (461) - 666166 666 6166666666(
(ξ. 234-282. 304-309 (61616 2616666661666 666 6. 1-233). 2111661166 11666666. 1666611166 666
&temporatim 666 6116116 666 666 2111161616, (3 &t 6.) Dr. 116 111666.

4. 6161661166616.) Xen. anab. 1, 1-7. -— 666666111666 61661616. 78--97; 21116666
661666 666 ξ. 1-14). 6111661166 11666666, (6666611166 666 &temporatim 666 1111666666. Dr. (6166666661,

1

1

1

1
1

 

