ΆἈΝἪ 'dnm 111)

Dr. 1111181111111 1111111111111111111111119.111111857,11111111111 1111 (5111111111 1111111 11111111

111111111111118111111111111111111 1111111111 1111 14. 1111111111 1881 1111111 111111111111111181111111111

, (De Ps 111111111111111111111111111111 περι αὐτοκρατορος λογισιοι 11111111188111111111111882

1111111 111 11111111 pro 11 111111 docendi 1111 1111111111 18821111111118831111111111111,11111111011111

1885 1111111111 111 0111111111 11 1111111111 181111111111111111111 81111111111116111111111111111111111
1111111111.

1111 1111111111 1111111111· 111111 gum l. 0111111 1885 11111 1111111111 811111 11111111.

1111 11111111111111111111 mit 1111 111 11111111111811111111 1111111 111 13. 10111111.

1111 111111111ίί11 11111111111111111 &ciet 111 11111111 1111111151 111111111111111111111111181111111
111 6111111111 111 1111111111. 1111111111 11 11161. mainerium 11111111.

1111 l. 11111111111111111111111111111111 111 1111111111 111111 111 1111111111 8111111111 111.

151111111111111111111111111 1111 23. 1011111111 1885 111 1111 6. 311111 1886. 11111 8111 1111111
811111111111111111 111111 mie 1111111111 eine 1811111111111111 11111111.

{Qum 1. 311111 1881 1111111 11111111 0111111111 11111111 0111111111 8111111 11 1111111111 &telle
111111 111111 111 1111111111 811111 1811111 11111 0111111111 1111111111.

11117.,111111111111111118111111111111111111 25111111111111111111111111111161.1111111111
1118111111 1111 8111111 11111 11111 81111111 11111111111111111 01111111, 01111111111111111 11111 1111111
1111111111111181111110111111111111111111.1111111111111111111111010111111111111111
0111111111 1111111111 1111111111 111 111111 111111.

1111 81111111111111111 111111 11 111111 1111111111 711111 1111 4111111191111111, 11111111
11111111111111111 16. 111 17. 111111111111111111111 111 111111111111111118111111111 Dr. 01 1111111

1111111111.

lV. 1111111111 1111111111.

Α. 1111111111-1111111111111111111111 111 811111.

1’118111117ι
111111 11111111181111111111111111 ‘'Q—5 580 46 . 32 11311 127 ᾔὸ

2.1111111111111111 11111111111111 .. 558 46 . ’.310500 120 15 Q 535

-.-.1- .„„„ Q

3.111111.111111111886 ....... Q 537 46 31ξ 409 120 15¹· Q 534

*ffl—-r

 

